CNV.ID	Sample	Correlation	N.comp	Start.b	End.b	CNV.type	N.exons	Start	End	Chromosome	Genomic.ID	BF	Reads.expected	Reads.observed	Reads.ratio	Gene
1	Female16.final	0.97050511567656	3	138	139	deletion	2	25835532	25845577	2	chr2:25835532-25845577	2.88	816	278	0.341	ASXL2
2	Female16.final	0.97050511567656	3	234	234	deletion	1	105737154	105737273	3	chr3:105737154-105737273	2.98	449	57	0.127	CBLB
3	Female16.final	0.97050511567656	3	299	301	deletion	3	163140222	163148445	4	chr4:163140222-163148445	7.74	1724	272	0.158	NAF1
4	Female16.final	0.97050511567656	3	325	328	deletion	4	149509878	149520394	5	chr5:149509878-149520394	5.63	3312	2178	0.658	CSNK1A1
5	Female16.final	0.97050511567656	3	361	363	deletion	3	171405299	171410899	5	chr5:171405299-171410899	3.3	2447	1337	0.546	NPM1
6	Female16.final	0.97050511567656	3	391	394	deletion	4	99558486	99562953	6	chr6:99558486-99562953	11	2651	442	0.167	CCNC
7	Female16.final	0.97050511567656	3	422	422	deletion	1	93117860	93117979	7	chr7:93117860-93117979	3.08	669	82	0.123	SAMD9
8	Female16.final	0.97050511567656	3	462	462	deletion	1	139412514	139412633	7	chr7:139412514-139412633	3.11	442	52	0.118	LUC7L2
9	Female16.final	0.97050511567656	3	493	493	deletion	1	2954157	2954276	8	chr8:2954157-2954276	2.76	529	76	0.144	CSMD1
10	Female16.final	0.97050511567656	3	659	663	deletion	5	27004115	27017791	10	chr10:27004115-27017791	4.7	13480	6529	0.484	ANKRD26
11	Female16.final	0.97050511567656	3	679	680	deletion	2	27066465	27067280	10	chr10:27066465-27067280	5.4	1205	184	0.153	ANKRD26
12	Female16.final	0.97050511567656	3	689	690	deletion	2	87894006	87931152	10	chr10:87894006-87931152	5.75	1165	159	0.136	PTEN
13	Female16.final	0.97050511567656	3	697	698	deletion	2	110568901	110573800	10	chr10:110568901-110573800	3.86	1126	255	0.226	SMC3
14	Female16.final	0.97050511567656	3	709	709	deletion	1	110589599	110589718	10	chr10:110589599-110589718	3.1	682	83	0.122	SMC3
15	Female16.final	0.97050511567656	3	717	717	deletion	1	110600432	110600551	10	chr10:110600432-110600551	2.73	625	92	0.147	SMC3
16	Female16.final	0.97050511567656	3	767	768	deletion	2	86266082	86268567	11	chr11:86266082-86268567	3.18	1265	433	0.342	EED
17	Female16.final	0.97050511567656	3	788	789	deletion	2	108246963	108249101	11	chr11:108246963-108249101	2.96	2028	843	0.416	ATM
18	Female16.final	0.97050511567656	3	809	811	deletion	3	108289601	108293476	11	chr11:108289601-108293476	5.37	3606	1755	0.487	ATM
19	Female16.final	0.97050511567656	3	820	824	deletion	5	108312394	108320064	11	chr11:108312394-108320064	4.72	5578	4034	0.723	ATM
20	Female16.final	0.97050511567656	3	839	839	deletion	1	108347252	108347371	11	chr11:108347252-108347371	3.07	548	67	0.122	ATM
21	Female16.final	0.97050511567656	3	911	911	deletion	1	22671253	22671372	12	chr12:22671253-22671372	2.65	406	61	0.15	ETNK1
22	Female16.final	0.97050511567656	3	1206	1211	deletion	6	31155982	31181797	17	chr17:31155982-31181797	7.24	5774	3801	0.658	NF1
23	Female16.final	0.97050511567656	3	1264	1267	deletion	4	31940218	31966265	17	chr17:31940218-31966265	6.48	1844	550	0.298	SUZ12
24	Female16.final	0.97050511567656	3	1514	1514	deletion	1	34892907	34893026	21	chr21:34892907-34893026	2.51	519	85	0.164	RUNX1
25	Female16.final	0.97050511567656	3	1559	1569	duplication	42	15790440	41347450	X	chrX:15790440-41347450	20.8	67108	105680	1.57	ZRSR2
25	Female16.final	0.97050511567656	3	1570	1584	duplication	42	15790440	41347450	X	chrX:15790440-41347450	20.8	67108	105680	1.57	BCOR
25	Female16.final	0.97050511567656	3	1585	1600	duplication	42	15790440	41347450	X	chrX:15790440-41347450	20.8	67108	105680	1.57	DDX3X
26	Female16.final	0.97050511567656	3	1613	1622	duplication	10	45059246	45079350	X	chrX:45059246-45079350	5.49	15689	25127	1.6	KDM6A
27	Female16.final	0.97050511567656	3	1632	1657	duplication	26	47193828	47215127	X	chrX:47193828-47215127	13.9	34063	53302	1.56	UBA1
28	Female16.final	0.97050511567656	3	1664	1688	duplication	55	53374148	101386185	X	chrX:53374148-101386185	29.2	101607	156894	1.54	SMC1A
28	Female16.final	0.97050511567656	3	1689	1699	duplication	55	53374148	101386185	X	chrX:53374148-101386185	29.2	101607	156894	1.54	ALAS2
28	Female16.final	0.97050511567656	3	1700	1718	duplication	55	53374148	101386185	X	chrX:53374148-101386185	29.2	101607	156894	1.54	BTK
29	Female16.final	0.97050511567656	3	1754	1767	duplication	14	129982638	130058070	X	chrX:129982638-130058070	8.26	44924	72621	1.62	BCORL1
30	Male11-TwistMy.final	0.999026744491388	12	915	919	duplication	5	25205245	25250928	12	chr12:25205245-25250928	85.2	15345	22322	1.45	KRAS
31	Male12-TwistMy.final	0.999476701385079	5	676	676	deletion	1	27060509	27060628	10	chr10:27060509-27060628	11.5	240	127	0.529	ANKRD26
32	Male12-TwistMy.final	0.999476701385079	5	684	684	deletion	1	27082719	27082838	10	chr10:27082719-27082838	5.64	252	163	0.647	ANKRD26
33	Male12-TwistMy.final	0.999476701385079	5	779	779	deletion	1	102336698	102336817	11	chr11:102336698-102336817	7.08	182	106	0.582	BIRC3
34	Male12-TwistMy.final	0.999476701385079	5	1265	1265	deletion	1	31940407	31940526	17	chr17:31940407-31940526	10.5	253	140	0.553	SUZ12
35	Male12-TwistMy.final	0.999476701385079	5	1268	1268	deletion	1	31973129	31973248	17	chr17:31973129-31973248	4.45	256	172	0.672	SUZ12
36	Male12-TwistMy.final	0.999476701385079	5	1371	1371	deletion	1	852875	853031	19	chr19:852875-853031	3.19	16	2	0.125	ELANE
37	Male12-TwistMy.final	0.999476701385079	5	1526	1526	deletion	1	38498359	38498478	21	chr21:38498359-38498478	5.62	253	164	0.648	ERG
38	Male13-TwistMy.final	0.999877639695492	9	493	493	deletion	1	2954157	2954276	8	chr8:2954157-2954276	4.92	435	304	0.699	CSMD1
39	Male15-TwistMy.final	0.999376248788964	7	1266	1266	duplication	1	31947575	31947694	17	chr17:31947575-31947694	3.02	167	225	1.35	SUZ12
40	Male15-TwistMy.final	0.999376248788964	7	1728	1728	duplication	1	124048973	124049092	X	chrX:124048973-124049092	3.44	125	176	1.41	STAG2
41	Male17-TwistMy.final	0.99984982977358	7	779	779	duplication	1	102336698	102336817	11	chr11:102336698-102336817	4.24	440	550	1.25	BIRC3
42	Male19-TwistMy.final	0.99980001671722	9	1370	1370	deletion	1	852297	852416	19	chr19:852297-852416	3.84	17	0	0	ELANE
43	Male1-TwistMy.final	0.999744628456144	4	1370	1371	duplication	2	852297	853031	19	chr19:852297-853031	6.61	140	207	1.48	ELANE
44	Male20-TwistMy.final	0.999829671194345	7	1371	1372	deletion	2	852875	853402	19	chr19:852875-853402	5.27	71	35	0.493	ELANE
45	Male22-TwistMy.final	0.999619260315539	12	779	779	duplication	1	102336698	102336817	11	chr11:102336698-102336817	8.44	431	587	1.36	BIRC3
46	Male22-TwistMy.final	0.999619260315539	12	1266	1266	duplication	1	31947575	31947694	17	chr17:31947575-31947694	5.03	313	415	1.33	SUZ12
47	Male22-TwistMy.final	0.999619260315539	12	1370	1370	deletion	1	852297	852416	19	chr19:852297-852416	4.26	39	15	0.385	ELANE
48	Male22-TwistMy.final	0.999619260315539	12	1728	1728	duplication	1	124048973	124049092	X	chrX:124048973-124049092	3.33	243	317	1.3	STAG2
49	Male23-TwistMy.final	0.999764013026996	7	664	664	deletion	1	27028829	27028948	10	chr10:27028829-27028948	10.2	707	481	0.68	ANKRD26
50	Male23-TwistMy.final	0.999764013026996	7	1370	1372	deletion	3	852297	853402	19	chr19:852297-853402	3.4	65	37	0.569	ELANE
51	Male2-TwistMy.final	0.999044569430133	3	1266	1266	deletion	1	31947575	31947694	17	chr17:31947575-31947694	5.02	288	197	0.684	SUZ12
52	Male2-TwistMy.final	0.999044569430133	3	1371	1372	duplication	2	852875	853402	19	chr19:852875-853402	10.7	139	237	1.71	ELANE
53	Male2-TwistMy.final	0.999044569430133	3	1728	1728	deletion	1	124048973	124049092	X	chrX:124048973-124049092	3.89	245	172	0.702	STAG2
54	Male4-TwistMy.final	0.999786286946711	7	127	127	deletion	1	25341806	25341925	2	chr2:25341806-25341925	4.15	128	79	0.617	DNMT3A
55	Male4-TwistMy.final	0.999786286946711	7	1297	1297	deletion	1	42276247	42276390	17	chr17:42276247-42276390	4.47	344	235	0.683	STAT5B
56	Male4-TwistMy.final	0.999786286946711	7	1459	1459	deletion	1	15200787	15200994	19	chr19:15200787-15200994	4.43	643	457	0.711	NOTCH3
57	Male6-TwistMy.final	0.999850101267481	4	127	127	duplication	1	25341806	25341925	2	chr2:25341806-25341925	4.87	326	409	1.25	DNMT3A
58	Male6-TwistMy.final	0.999850101267481	4	1371	1372	deletion	2	852875	853402	19	chr19:852875-853402	8.06	195	124	0.636	ELANE
59	Male7-TwistMy.final	0.999840313530112	6	1371	1372	duplication	2	852875	853402	19	chr19:852875-853402	3.04	126	169	1.34	ELANE
60	Male8-TwistMy.final	0.999424667179776	9	779	779	deletion	1	102336698	102336817	11	chr11:102336698-102336817	2.93	423	307	0.726	BIRC3
61	Male8-TwistMy.final	0.999424667179776	9	1266	1266	deletion	1	31947575	31947694	17	chr17:31947575-31947694	9.61	346	217	0.627	SUZ12
62	Male8-TwistMy.final	0.999424667179776	9	1370	1370	deletion	1	852297	852416	19	chr19:852297-852416	9.16	40	0	0	ELANE
63	Male8-TwistMy.final	0.999424667179776	9	1728	1728	deletion	1	124048973	124049092	X	chrX:124048973-124049092	5.85	267	176	0.659	STAG2
64	Male9-TwistMy.final	0.999761200765179	9	1370	1372	deletion	3	852297	853402	19	chr19:852297-853402	4.26	52	24	0.462	ELANE
65	Male9-TwistMy.final	0.999761200765179	9	1526	1526	duplication	1	38498359	38498478	21	chr21:38498359-38498478	7.19	231	334	1.45	ERG
